00000000
00BE0000
04800000
006f0000
001a0000
//DELEYS
00000001
00000001
00000002
00000002
00000004
00000004
00000008
00000008
00000011
00000012
00000024
00000028
00000050
00000060
000000C0
00000080
//LA CARRERA  A:5; D:16
00000080
000000C0
000000E0
000000C0
00000080
00000040
00000060
00000070
00000060
00000040
00000020
00000030
00000038
00000030
00000020
00000012
0000001A
0000001E
0000001A
00000012
00000009
0000000D
0000000F
0000000D
00000009
00000004
00000006
00000007
00000006
00000004
00000002
00000003
00000003
00000003
00000002
00000001
00000001
00000001
00000001
00000001
//LA LINTERNA  A:22; D:43
00000000
00000000