00000001
000BE000
02F00000
00BE0000
001a0000
00000001
00000001
00000002
00000002
00000004
00000004
00000008
00000008
00000011
00000012
00000024
00000028
00000050
00000060
000000C0
00000080
00000001
00000000
00000080
00000040
00000020
00000010
00000008
00000004
00000002
00000001
00000003
00000005
00000009
00000011
00000021
00000041
00000081
000000C1
000000A1
00000091
00000089
00000085
00000083
00000087
0000008B
00000093
000000A3
000000C3
000000E3
000000D3
000000CB
000000C7
000000CF
000000D7
000000E7
000000F7
000000EF
000000FF
00000000
00000000
00000000
00000000
00000000